accx, accy, accz, girox, giroy, giroz, magx, magy, magz, Eaccx, Eaccy, Eaccz, Egirox,  Egiroy, Egiroz, Emagx, Emagy, Emagz, nacc, ngiro, nmag, lat, lon, sat, hdop, fecha, hora
0.07,0.07,0.98,0.56,0.44,-0.24,33.76,4.79,-0.46,0.01,0.01,0.96,0.33,0.21,0.14,1140.00,131.07,1.39,
0.05,0.08,0.98,0.60,0.63,-0.55,33.10,5.47,0.14,0.02,0.01,0.96,327.56,512.49,2155.20,1098.29,172.55,0.46,
0.07,0.07,0.98,0.46,0.47,-0.26,32.31,5.42,0.18,0.00,0.01,0.96,0.22,0.23,0.07,1044.14,168.40,0.36,
0.07,0.07,0.98,0.45,0.49,-0.26,32.24,5.44,0.16,0.00,0.01,0.96,0.21,0.25,0.11,1039.48,169.45,0.33,
0.07,0.07,0.98,0.44,0.49,-0.27,32.32,5.47,0.19,0.00,0.01,0.96,0.21,0.25,0.08,1044.54,170.61,0.35,
0.07,0.07,0.98,0.43,0.51,-0.25,32.29,5.47,0.17,0.00,0.01,0.96,0.19,0.27,0.11,1042.56,171.13,0.33,
0.07,0.07,0.98,0.41,0.50,-0.26,32.17,5.52,0.23,0.00,0.01,0.96,0.22,0.34,0.15,1035.21,173.77,0.53,
0.07,0.07,0.98,0.38,0.46,-0.28,32.59,5.44,-0.44,0.00,0.01,0.96,0.17,0.24,0.09,1062.04,169.27,1.24,
0.07,0.07,0.98,0.37,0.47,-0.29,32.80,5.47,-0.47,0.00,0.01,0.96,0.15,0.23,0.09,1076.14,172.07,1.44,
0.07,0.08,0.98,0.37,0.48,-0.29,32.89,5.52,-0.38,0.00,0.01,0.96,0.16,0.27,0.09,1081.55,173.85,0.99,
0.07,0.08,0.98,0.37,0.49,-0.28,32.93,5.49,-0.42,0.00,0.01,0.96,0.16,0.26,0.09,1084.79,173.23,1.16,
0.07,0.08,0.98,0.36,0.48,-0.31,33.15,5.52,-0.42,0.00,0.01,0.96,0.15,0.45,0.17,1098.69,173.73,1.15,
0.07,0.08,0.98,0.33,0.48,-0.31,33.18,5.50,-0.33,0.00,0.01,0.96,0.12,0.24,0.17,1100.70,172.50,0.79,
-0.05,0.05,0.98,0.49,0.27,-2.20,32.45,7.29,-0.38,0.01,0.00,0.96,49.86,69.38,210.40,1057.23,309.34,1.07,
-0.07,0.12,0.95,0.02,3.70,2.70,30.14,6.67,-0.42,0.01,0.06,0.91,201.86,163.13,195.68,935.48,278.50,1.90,
-0.07,0.02,0.98,0.32,0.49,-0.29,20.36,3.04,-0.43,0.00,0.00,0.97,0.12,0.29,0.10,414.45,52.94,1.20,
-0.06,0.03,0.98,0.31,0.50,-0.30,20.13,3.06,-0.48,0.00,0.00,0.97,0.11,0.27,0.17,405.46,53.69,1.46,
-0.06,0.03,0.98,0.29,0.50,-0.29,20.13,3.08,-0.48,0.00,0.00,0.97,0.10,0.26,0.16,405.18,54.35,1.50,
-0.06,0.03,0.98,0.29,0.50,-0.31,19.97,3.09,-0.51,0.00,0.00,0.97,0.09,0.26,0.11,398.98,54.70,1.62,
-0.06,0.03,0.98,0.29,0.51,-0.30,19.84,3.16,-0.50,0.00,0.00,0.97,0.09,0.27,0.17,393.62,56.84,1.56,
-0.06,0.03,0.98,0.26,0.50,-0.32,19.96,3.09,-0.48,0.00,0.00,0.97,0.08,0.26,0.11,398.66,54.42,1.46,
-0.06,0.03,0.98,0.26,0.52,-0.32,19.99,3.07,-0.50,0.00,0.00,0.97,0.08,0.27,0.18,399.82,53.81,1.59,
-0.04,0.12,0.96,0.17,-0.04,-0.46,23.15,2.88,0.04,0.01,0.03,0.93,242.67,160.08,181.73,546.89,48.81,7.52,
-0.00,0.06,0.98,0.23,0.50,-0.33,21.35,2.72,-0.29,0.00,0.00,0.97,0.07,0.26,0.12,455.89,42.48,0.63,
-0.00,0.06,0.98,0.22,0.51,-0.32,21.30,2.84,-0.28,0.00,0.00,0.97,0.17,0.52,0.33,453.78,45.82,0.61,
-0.00,0.06,0.98,0.22,0.51,-0.32,21.11,2.85,-0.25,0.00,0.00,0.97,0.09,0.43,0.20,445.85,46.26,0.53,
-0.00,0.06,0.98,0.21,0.52,-0.31,21.15,2.85,-0.23,0.00,0.00,0.97,0.06,0.29,0.18,447.23,46.55,0.47,
-0.00,0.06,0.98,0.20,0.51,-0.33,21.34,2.86,-0.25,0.00,0.00,0.97,0.07,0.29,0.19,455.50,46.29,0.53,
-0.00,0.06,0.98,0.20,0.51,-0.32,21.34,2.84,-0.26,0.00,0.00,0.97,0.06,0.35,0.12,455.65,45.65,0.54,
-0.00,0.06,0.98,0.23,0.54,-0.32,21.36,2.85,-0.30,0.00,0.00,0.97,0.07,0.30,0.11,456.45,46.23,0.66,
0.04,-0.02,0.97,-0.18,-0.12,-0.89,16.55,3.74,0.06,0.02,0.02,0.95,228.81,475.53,892.30,329.01,86.30,2.55,
0.04,-0.03,0.97,0.24,1.43,2.82,15.14,4.49,-0.37,0.03,0.01,0.96,239.95,219.67,455.83,283.84,122.81,1.64,
0.03,-0.00,0.98,0.32,0.47,-0.31,16.43,5.60,-0.54,0.00,0.00,0.97,0.11,0.23,0.10,269.89,180.71,1.83,
0.03,-0.01,0.98,0.40,0.46,-0.29,16.52,5.57,-0.62,0.00,0.00,0.97,0.17,0.22,0.09,272.97,177.82,2.35,
0.03,-0.01,0.98,0.46,0.45,-0.27,16.55,5.51,-0.62,0.00,0.00,0.97,0.22,0.21,0.08,274.11,174.21,2.34,
0.03,-0.01,0.98,0.47,0.43,-0.26,16.71,5.46,-0.59,0.00,0.00,0.97,0.23,0.19,0.15,279.46,172.47,2.20,
0.03,-0.02,0.98,0.52,0.42,-0.25,16.86,5.43,-0.60,0.00,0.00,0.97,0.28,0.18,0.07,284.30,169.82,2.20,
0.03,-0.02,0.98,0.55,0.41,-0.22,16.91,5.45,-0.57,0.00,0.00,0.97,0.32,0.17,0.06,285.93,170.27,2.00,
0.03,-0.02,0.98,0.58,0.40,-0.23,16.93,5.43,-0.55,0.00,0.00,0.97,0.35,0.16,0.20,286.64,169.64,1.89,
0.03,-0.02,0.98,0.61,0.39,-0.19,16.92,5.45,-0.55,0.00,0.00,0.97,0.38,0.16,0.40,286.33,169.87,1.91,
0.03,-0.02,0.98,0.64,0.39,-0.18,17.15,5.38,-0.55,0.00,0.00,0.97,0.42,0.16,0.25,294.12,166.84,1.88,
0.03,-0.02,0.99,0.64,0.37,-0.20,17.37,5.41,-0.54,0.00,0.00,0.97,0.41,0.14,0.40,301.67,168.52,1.83,
0.03,-0.02,0.99,0.66,0.36,-0.20,17.37,5.40,-0.54,0.00,0.00,0.97,0.44,0.14,0.40,301.78,167.63,1.79,
0.03,-0.02,0.99,0.67,0.33,-0.19,17.33,5.39,-0.57,0.00,0.00,0.97,0.45,0.12,0.40,300.40,167.07,2.04,
0.03,-0.02,0.99,0.69,0.33,-0.15,17.27,5.37,-0.58,0.00,0.00,0.97,0.51,0.15,0.75,298.26,166.46,2.13,
0.03,-0.03,0.99,0.68,0.32,-0.12,17.40,5.38,-0.58,0.00,0.00,0.97,0.48,0.12,0.66,302.95,166.76,2.11,
0.03,-0.03,0.99,0.68,0.31,-0.17,17.47,5.39,-0.56,0.00,0.00,0.97,0.47,0.10,0.46,305.29,167.00,1.98,
0.03,-0.03,0.99,0.72,0.31,-0.15,17.62,5.40,-0.60,0.00,0.00,0.97,0.53,0.10,0.95,310.56,167.59,2.21,
0.03,-0.03,0.99,0.75,0.33,-0.10,17.28,5.39,-0.60,0.00,0.00,0.97,0.57,0.12,0.66,298.64,166.43,2.18,
0.03,-0.03,0.99,0.80,0.34,-0.14,17.50,5.38,-0.57,0.00,0.00,0.97,0.65,0.12,1.72,306.47,167.48,2.03,
0.03,-0.03,0.99,0.86,0.37,-0.07,17.54,5.39,-0.61,0.00,0.00,0.97,0.74,0.14,1.72,307.90,167.06,2.30,
0.03,-0.03,0.99,0.84,0.34,-0.13,17.57,5.36,-0.65,0.00,0.00,0.97,0.71,0.12,1.09,308.77,165.43,2.56,
0.03,-0.03,0.99,0.86,0.35,-0.07,17.76,5.37,-0.62,0.00,0.00,0.97,0.75,0.13,1.43,315.52,165.53,2.35,
0.03,-0.03,0.99,0.86,0.32,-0.09,17.78,5.38,-0.62,0.00,0.00,0.97,0.74,0.11,1.01,316.22,166.61,2.34,
0.03,-0.03,0.99,0.87,0.33,-0.09,17.96,5.39,-0.64,0.00,0.00,0.97,0.77,0.12,1.37,322.48,166.67,2.50,
0.03,-0.03,0.99,0.85,0.31,-0.06,17.82,5.34,-0.64,0.00,0.00,0.97,0.73,0.10,1.79,317.75,164.88,2.53,
0.03,-0.03,0.99,0.88,0.31,-0.10,17.77,5.35,-0.61,0.00,0.00,0.97,0.78,0.18,1.57,315.82,165.22,2.30,
0.03,-0.03,0.99,0.89,0.30,-0.07,17.75,5.34,-0.63,0.00,0.00,0.97,0.81,0.10,1.64,315.27,164.86,2.42,
0.03,-0.03,0.99,0.89,0.30,-0.05,17.60,5.30,-0.63,0.00,0.00,0.97,0.80,0.10,0.93,309.83,162.86,2.44,
0.03,-0.03,0.99,0.88,0.29,-0.12,17.64,5.32,-0.64,0.00,0.00,0.97,0.78,0.09,1.51,311.22,163.28,2.48,
0.03,-0.04,0.99,0.89,0.29,-0.11,17.72,5.38,-0.61,0.00,0.00,0.97,0.79,0.09,2.00,314.23,165.82,2.31,
0.03,-0.04,0.99,0.89,0.29,-0.05,17.46,5.35,-0.64,0.00,0.00,0.97,0.81,0.09,1.71,304.93,164.38,2.54,
0.03,-0.04,0.99,0.91,0.30,-0.04,17.66,5.42,-0.69,0.00,0.00,0.97,0.83,0.17,2.28,311.80,167.42,2.83,
0.03,-0.04,0.99,0.91,0.30,-0.09,17.91,5.35,-0.71,0.00,0.00,0.97,0.84,0.10,1.57,321.02,164.43,3.06,
0.03,-0.04,0.99,0.92,0.29,-0.09,17.72,5.33,-0.71,0.00,0.00,0.97,0.86,0.09,1.79,314.11,164.02,3.02,
0.03,-0.04,0.99,0.92,0.28,-0.07,17.81,5.38,-0.68,0.00,0.00,0.97,0.85,0.09,0.80,317.33,165.24,2.82,
0.03,-0.04,0.99,0.92,0.27,-0.09,17.69,5.36,-0.67,0.00,0.00,0.97,0.86,0.08,1.66,313.19,164.82,2.71,
0.03,-0.04,0.99,0.92,0.28,-0.07,17.76,5.34,-0.65,0.00,0.00,0.97,0.86,0.09,2.41,315.67,164.50,2.54,
0.03,-0.04,0.99,0.91,0.28,-0.06,17.83,5.37,-0.70,0.00,0.00,0.97,0.83,0.08,1.49,318.06,165.47,2.94,
0.03,-0.04,0.99,0.91,0.28,-0.07,17.72,5.36,-0.77,0.00,0.00,0.97,0.83,0.09,1.15,314.18,166.27,3.62,
0.03,-0.04,0.99,0.92,0.27,-0.04,17.73,5.37,-0.68,0.00,0.00,0.97,0.85,0.08,1.86,314.43,166.41,2.84,
0.03,-0.04,0.99,0.93,0.29,-0.08,17.80,5.38,-0.65,0.00,0.00,0.97,0.87,0.09,1.85,316.86,165.81,2.57,
0.03,-0.04,0.99,0.93,0.28,-0.09,17.71,5.35,-0.69,0.00,0.00,0.97,0.88,0.08,1.93,313.64,164.49,2.92,
0.03,-0.04,0.99,0.93,0.26,-0.05,17.77,5.33,-0.68,0.00,0.00,0.97,0.87,0.08,1.14,315.71,163.56,2.84,
0.03,-0.04,0.99,0.93,0.25,-0.04,17.93,5.30,-0.70,0.00,0.00,0.97,0.88,0.07,1.85,321.68,161.95,2.93,
0.03,-0.05,0.99,0.95,0.29,-0.01,17.88,5.31,-0.72,0.00,0.00,0.97,0.92,0.09,1.28,319.85,162.50,3.14,
0.03,-0.05,0.99,0.96,0.29,-0.03,17.95,5.31,-0.68,0.00,0.00,0.97,0.93,0.09,1.35,322.15,161.21,2.82,
0.03,-0.05,0.99,0.97,0.30,0.01,17.96,5.31,-0.66,0.00,0.00,0.97,0.94,0.10,1.72,322.68,161.70,2.68,
0.03,-0.05,0.99,0.98,0.29,0.01,17.97,5.30,-0.68,0.00,0.00,0.97,0.97,0.09,1.43,323.19,161.91,2.79,
0.03,-0.05,0.99,0.97,0.29,-0.03,17.93,5.32,-0.69,0.00,0.00,0.97,0.95,0.09,1.42,321.56,162.20,2.89,
0.03,-0.05,0.99,0.97,0.26,-0.03,17.94,5.29,-0.68,0.00,0.00,0.97,0.99,0.34,1.50,321.96,160.57,2.84,
0.03,-0.05,0.99,0.98,0.27,-0.05,17.84,5.30,-0.70,0.00,0.00,0.97,0.98,0.16,1.85,318.35,160.20,2.91,
0.03,-0.05,0.99,0.99,0.28,-0.02,18.03,5.28,-0.72,0.00,0.00,0.97,0.99,0.09,1.07,325.27,159.33,3.09,
0.02,-0.05,0.99,0.97,0.27,-0.05,17.93,5.28,-0.68,0.00,0.00,0.97,0.96,0.08,1.79,321.73,160.24,2.84,
0.02,-0.05,0.99,0.98,0.26,-0.09,18.09,5.24,-0.65,0.00,0.00,0.97,0.97,0.08,1.56,327.31,157.98,2.58,
0.02,-0.06,0.99,0.97,0.27,-0.03,18.00,5.24,-0.68,0.00,0.00,0.97,0.97,0.08,1.79,324.14,158.27,2.79,
0.02,-0.06,0.99,0.96,0.24,-0.08,18.04,5.28,-0.66,0.00,0.00,0.97,0.93,0.07,1.50,325.51,159.63,2.70,
0.02,-0.06,0.99,0.96,0.25,-0.07,18.21,5.29,-0.66,0.00,0.00,0.97,0.94,0.07,2.27,331.76,160.04,2.68,
0.02,-0.06,0.99,0.96,0.25,-0.04,18.22,5.22,-0.67,0.00,0.00,0.97,0.93,0.07,1.15,332.16,157.40,2.73,
-0.01,0.04,0.98,0.34,1.26,3.74,25.74,6.99,-0.32,0.01,0.01,0.97,145.23,194.52,647.26,732.57,291.36,1.47,
0.05,0.06,0.98,0.99,0.26,-0.06,19.84,2.70,0.09,0.00,0.00,0.97,0.99,0.14,1.64,393.77,238.55,1.20,3497,3414,611,
0.05,0.06,0.98,0.92,0.28,-0.08,20.00,2.74,0.09,0.00,0.00,0.97,0.86,0.24,2.00,399.97,245.26,1.23,3491,3426,612,
0.05,0.06,0.98,0.86,0.29,-0.11,19.81,2.78,0.08,0.00,0.00,0.97,0.75,0.32,0.66,392.49,249.85,1.34,3476,3417,612,
0.05,0.06,0.98,0.82,0.32,-0.10,19.65,2.76,0.08,0.00,0.00,0.97,0.68,0.11,1.01,386.22,248.98,1.26,3492,3407,612,
0.05,0.06,0.98,0.80,0.34,-0.12,19.70,2.80,0.10,0.00,0.00,0.97,0.64,0.12,0.59,388.05,253.99,1.22,3481,3409,611,
0.05,0.06,0.98,0.71,0.30,-0.16,19.62,2.81,0.07,0.00,0.00,0.97,0.52,0.10,0.45,385.00,260.11,1.17,3508,3435,612,
0.05,0.06,0.98,0.65,0.30,-0.16,19.53,2.83,0.08,0.00,0.00,0.97,0.45,0.25,0.39,381.37,258.36,1.20,3475,3399,611,
0.05,0.06,0.98,0.63,0.30,-0.19,19.45,2.81,0.06,0.00,0.00,0.97,0.41,0.11,0.25,378.37,257.97,1.19,3490,3440,611,
0.05,0.06,0.98,0.58,0.32,-0.17,19.52,2.83,0.06,0.00,0.00,0.97,0.36,0.19,0.33,381.02,259.83,1.15,3484,3390,611,
0.05,0.06,0.98,0.59,0.32,-0.21,19.38,2.86,0.09,0.00,0.00,0.97,0.37,0.19,0.13,375.58,267.21,1.25,3492,3407,611,
0.05,0.06,0.98,0.57,0.34,-0.22,19.26,2.84,0.08,0.00,0.00,0.97,0.35,0.27,0.13,371.11,266.93,1.20,3510,3444,611,
0.04,0.06,0.98,0.55,0.33,-0.23,19.04,2.88,0.05,0.00,0.00,0.97,0.33,0.29,0.34,362.49,266.82,1.18,3459,3419,611,
0.05,0.06,0.98,0.53,0.35,-0.22,19.04,2.88,0.01,0.00,0.00,0.97,0.37,0.39,0.24,362.60,270.99,1.02,3486,3444,611,
0.05,0.06,0.98,0.56,0.38,-0.23,19.16,2.91,0.02,0.00,0.00,0.96,0.32,0.15,0.06,367.31,277.29,1.04,3489,3408,610,
0.05,0.06,0.98,0.53,0.37,-0.25,19.09,2.89,0.02,0.00,0.00,0.97,0.29,0.14,0.07,364.60,274.42,1.01,3505,3414,611,
-0.28,0.10,0.94,1.43,0.11,-0.58,14.21,4.32,-0.05,0.08,0.02,0.89,71.11,47.86,30.84,203.32,613.25,1.63,3493,3353,611,
-0.35,0.07,0.93,0.67,0.34,-0.37,15.81,4.24,-0.02,0.12,0.00,0.86,0.61,0.71,0.40,250.19,590.89,1.23,3502,3343,611,
-0.39,0.07,0.91,0.56,0.36,-0.40,16.50,4.31,0.02,0.15,0.00,0.83,0.36,0.32,0.20,272.37,606.27,1.01,3489,3370,611,
-0.41,0.03,0.90,0.49,0.39,-0.20,14.93,4.33,0.02,0.17,0.00,0.81,0.72,6.56,2.86,224.36,616.26,1.13,3509,3440,612,
-0.42,0.01,0.90,0.43,0.44,-0.43,14.40,4.40,0.03,0.18,0.00,0.80,0.20,0.21,0.20,207.58,626.50,1.03,3470,3424,610,
-0.43,0.01,0.89,0.36,0.44,-0.46,14.55,4.43,-0.05,0.18,0.00,0.80,0.14,0.21,0.22,211.84,626.08,1.17,3453,3432,611,
-0.43,0.02,0.89,0.28,0.44,-0.49,14.66,4.41,-0.10,0.19,0.00,0.79,0.10,0.21,0.24,214.87,635.80,1.30,3488,3438,610,
-0.43,0.02,0.89,0.24,0.45,-0.48,14.92,4.46,-0.06,0.19,0.00,0.79,0.40,0.29,0.26,222.76,638.50,1.10,3458,3422,610,
-0.42,0.03,0.89,-0.45,1.53,-0.14,14.72,4.49,-0.04,0.19,0.00,0.79,132.43,149.24,55.86,219.58,653.38,1.27,3478,3412,611,
-0.07,0.29,0.92,0.75,-0.80,-1.69,13.92,6.47,-0.66,0.04,0.09,0.85,247.76,1166.83,787.30,292.10,1410.22,27.61,3483,3384,611,
-0.21,0.26,0.92,0.55,0.06,-2.24,13.13,5.03,-0.36,0.06,0.07,0.86,224.06,557.79,1000.50,279.16,871.91,20.98,3491,3425,610,
-0.26,0.25,0.91,-0.92,1.00,0.99,23.04,4.22,-0.89,0.08,0.07,0.85,247.72,182.52,880.26,604.58,587.26,61.23,3471,3416,611,
0.15,-0.02,0.98,-0.06,0.46,-0.60,25.37,4.58,-0.20,0.02,0.00,0.97,0.31,0.23,0.37,643.68,679.46,2.23,3472,3372,610,
0.15,-0.02,0.98,-0.16,0.48,-0.64,25.37,4.61,-0.17,0.02,0.00,0.97,0.11,0.23,0.42,643.51,686.63,2.00,3472,3362,611,
0.15,-0.02,0.98,-0.28,0.48,-0.70,25.12,4.59,-0.23,0.02,0.00,0.97,0.10,0.24,0.49,631.29,697.35,2.89,3509,3338,610,
0.15,-0.02,0.98,-0.40,0.48,-0.73,25.04,4.60,-0.24,0.02,0.00,0.96,0.24,0.24,0.54,627.00,690.89,2.91,3493,3363,611,
0.15,-0.02,0.98,-0.50,0.53,-0.74,25.43,4.67,-0.22,0.02,0.00,0.96,0.27,0.29,0.56,646.99,718.88,2.55,3512,3420,612,
0.15,-0.02,0.98,-0.59,0.55,-0.77,25.64,4.77,-0.33,0.02,0.00,0.97,0.36,0.31,0.60,657.60,739.71,4.48,3479,3430,610,
0.14,0.08,0.96,-1.06,2.00,4.50,18.29,4.32,-2.08,0.03,0.03,0.93,217.08,268.61,351.71,936.37,1604.93,2186.41,3468,3436,610,
-0.02,0.42,0.89,-0.27,0.54,-0.19,1.49,8.54,-0.98,0.01,0.18,0.80,65.06,153.51,263.60,6.05,2351.43,33.43,3463,3427,610,
-0.04,0.33,0.91,-2.11,-1.36,-4.82,11.38,7.76,-0.82,0.05,0.12,0.85,351.28,1179.98,786.51,178.46,2082.34,41.65,3458,3417,610,
0.07,0.35,0.89,-2.14,-0.67,-0.66,22.47,4.55,0.55,0.07,0.13,0.79,147.01,1142.05,393.27,519.80,673.88,14.40,3472,3427,610,
0.28,0.27,0.76,1.36,1.37,-0.82,26.48,3.16,1.79,0.21,0.17,0.64,826.57,790.55,1033.45,723.86,474.97,125.80,3482,3368,610,
0.02,0.02,0.99,0.50,0.34,-0.35,28.15,-0.30,1.97,0.01,0.02,0.99,31.13,6.46,2.56,792.77,2.96,127.39,3483,3363,610,
0.01,0.02,0.99,0.44,0.27,-0.36,27.98,-0.32,2.05,0.01,0.02,0.99,19.05,4.24,3.76,782.92,4.33,139.61,3496,3372,610,
0.01,0.03,0.99,0.30,0.28,-0.46,27.17,-0.12,2.14,0.01,0.01,0.99,9.93,10.41,2.60,738.27,0.78,151.43,3495,3354,611,
0.01,0.03,0.99,0.28,0.37,-0.51,27.40,-0.21,2.12,0.01,0.02,0.99,4.28,6.23,1.79,751.14,1.61,147.89,3486,3360,610,
0.03,0.04,0.99,0.17,0.39,-0.51,26.84,-0.16,2.15,0.01,0.02,0.99,3.92,4.12,1.52,720.76,0.89,152.44,3498,3374,610,
0.05,0.05,0.98,0.18,0.29,-0.50,26.37,-0.15,2.11,0.01,0.02,0.99,3.51,4.69,1.58,695.53,0.91,147.51,3503,3367,610,
0.03,0.04,0.98,0.18,0.41,-0.51,26.53,-0.18,2.14,0.01,0.02,0.99,6.89,7.29,1.78,704.31,1.12,149.56,3477,3388,610,
0.02,0.02,0.98,0.20,0.28,-0.59,26.70,-0.24,2.05,0.01,0.02,1.00,17.46,13.52,3.91,713.21,2.02,139.13,3483,3369,610,
-0.04,-0.01,0.99,0.09,0.40,-0.61,27.07,-0.26,1.71,0.01,0.01,0.99,15.42,9.59,2.31,733.18,2.32,95.79,3479,3352,611,
-0.04,-0.04,0.99,0.11,0.39,-0.47,27.18,-0.27,1.71,0.00,0.01,0.98,7.35,5.74,3.06,739.09,2.61,96.73,3498,3369,610,
-0.04,-0.02,0.99,0.07,0.44,-0.57,26.44,-0.20,1.80,0.00,0.00,0.97,0.66,0.30,0.34,699.30,1.47,107.92,3507,3348,610,
-0.03,-0.02,0.99,0.03,0.56,-0.52,26.21,-0.24,1.84,0.00,0.00,0.97,1.71,11.97,7.08,687.05,2.17,112.58,3510,3363,611,
0.05,0.01,0.98,0.03,0.42,-0.57,25.04,-0.42,2.04,0.00,0.00,0.97,1.18,2.85,0.34,626.98,6.91,137.38,3498,3359,610,
0.04,0.00,0.99,0.07,0.44,-0.57,26.64,-0.26,2.15,0.00,0.00,0.97,0.77,1.23,0.35,712.54,2.41,151.31,3481,3364,611,
0.03,0.00,0.99,0.01,0.44,-0.62,26.42,-0.29,2.25,0.00,0.00,0.97,1.70,2.97,0.84,699.92,3.32,165.90,3484,3371,611,
0.04,0.01,0.99,0.04,0.45,-0.59,25.44,-0.36,1.95,0.00,0.00,0.97,0.46,0.25,0.36,647.60,4.33,125.71,3501,3354,610,
0.03,0.01,0.99,0.05,0.46,-0.58,25.79,-0.29,1.90,0.00,0.00,0.97,0.16,0.36,0.38,664.99,2.86,119.62,3499,3345,610,
0.03,0.01,0.99,0.07,0.47,-0.56,25.61,-0.33,1.99,0.00,0.00,0.97,0.09,0.23,0.32,656.03,3.76,130.14,3493,3362,611,
0.03,0.01,0.99,0.08,0.47,-0.57,25.70,-0.39,1.96,0.00,0.00,0.97,0.09,0.23,0.33,660.56,5.04,127.40,3508,3364,611,
0.03,0.01,0.99,0.11,0.47,-0.56,26.11,-0.36,2.03,0.00,0.00,0.97,0.09,0.23,0.32,681.59,4.26,135.03,3494,3369,612,
0.03,0.01,0.99,0.09,0.47,-0.56,25.95,-0.38,2.02,0.00,0.00,0.97,0.02,0.23,0.32,673.44,4.77,133.77,3484,3360,610,
0.04,0.01,0.99,0.11,0.49,-0.53,25.92,-0.36,2.03,0.00,0.00,0.97,0.12,0.26,0.36,672.02,4.37,137.38,3509,3354,611,
0.04,0.01,0.99,0.12,0.46,-0.56,25.86,-0.37,2.02,0.00,0.00,0.97,0.03,0.22,0.32,668.69,4.57,134.84,3500,3338,610,
0.04,0.01,0.99,0.15,0.46,-0.56,25.87,-0.37,2.04,0.00,0.00,0.97,0.10,0.22,0.32,669.37,4.54,136.34,3492,3363,611,
0.04,0.01,0.99,0.15,0.47,-0.54,25.89,-0.40,2.03,0.00,0.00,0.97,0.10,0.23,0.30,670.38,5.34,136.03,3496,3351,610,
0.04,0.01,0.99,0.16,0.47,-0.53,25.83,-0.37,2.03,0.00,0.00,0.97,0.14,0.25,0.36,667.05,4.62,134.33,3482,3356,611,
0.04,0.01,0.99,0.15,0.46,-0.54,25.75,-0.40,2.01,0.00,0.00,0.97,0.03,0.22,0.30,663.26,5.20,133.83,3492,3355,610,
0.04,0.01,0.99,0.17,0.45,-0.54,25.93,-0.40,2.03,0.00,0.00,0.97,0.13,0.36,0.34,672.29,5.51,135.94,3487,3359,610,
0.04,0.02,0.99,0.13,0.44,-0.55,26.27,-0.28,2.02,0.00,0.00,0.97,0.17,0.20,0.31,690.38,2.81,133.86,3494,3370,611,
0.04,0.02,0.99,0.12,0.44,-0.54,26.38,-0.28,1.97,0.00,0.00,0.97,0.10,0.20,0.30,696.24,2.62,128.78,3494,3338,610,
0.04,0.02,0.99,0.10,0.43,-0.55,26.31,-0.27,2.03,0.00,0.00,0.97,0.09,0.19,0.31,692.45,2.47,134.73,3482,3342,611,
0.04,0.02,0.99,0.12,0.46,-0.54,26.39,-0.30,2.03,0.00,0.00,0.97,0.10,0.22,0.30,696.43,3.10,135.12,3474,3367,610,
0.04,0.02,0.99,0.09,0.45,-0.55,26.47,-0.32,2.00,0.00,0.00,0.97,0.09,0.21,0.31,700.90,3.31,130.81,3474,3376,610,
0.04,0.02,0.99,0.08,0.46,-0.55,26.45,-0.27,2.01,0.00,0.00,0.97,0.09,0.22,0.31,699.59,2.54,132.16,3476,3352,610,
0.04,0.02,0.99,0.05,0.44,-0.56,26.44,-0.22,1.96,0.00,0.00,0.97,0.09,0.20,0.32,699.39,1.63,126.87,3486,3364,610,
0.04,0.02,0.99,0.06,0.45,-0.56,26.37,-0.22,1.92,0.00,0.00,0.97,0.02,0.21,0.32,695.35,1.74,122.67,3503,3368,611,
0.04,0.02,0.99,0.06,0.47,-0.55,26.52,-0.22,1.93,0.00,0.00,0.97,0.16,0.23,0.31,703.47,1.74,123.15,3493,3338,610,
0.04,0.02,0.99,0.04,0.47,-0.55,26.46,-0.19,1.98,0.00,0.00,0.97,0.16,0.23,0.31,700.39,1.31,128.66,3480,3359,611,
0.04,0.02,0.99,0.03,0.47,-0.55,26.37,-0.21,1.98,0.00,0.00,0.97,0.08,0.23,0.31,695.73,1.61,129.75,3500,3349,610,
0.04,0.02,0.99,0.05,0.48,-0.55,26.48,-0.19,1.94,0.00,0.00,0.97,0.08,0.24,0.31,701.31,1.35,124.36,3498,3366,610,
0.04,0.02,0.99,0.04,0.49,-0.54,26.47,-0.15,1.96,0.00,0.00,0.97,0.01,0.24,0.30,700.74,0.79,126.57,3481,3363,610,
0.04,0.02,0.99,0.04,0.48,-0.55,26.53,-0.18,1.94,0.00,0.00,0.97,0.08,0.23,0.31,704.06,1.16,126.02,3516,3363,610,
0.04,0.02,0.99,0.03,0.48,-0.54,26.51,-0.19,1.95,0.00,0.00,0.97,0.08,0.24,0.30,702.82,1.31,124.88,3491,3364,610,
0.04,0.02,0.99,0.03,0.48,-0.56,26.75,-0.17,1.96,0.00,0.00,0.97,0.08,0.24,0.32,715.65,1.00,126.54,3487,3363,610,
0.04,0.02,0.99,0.03,0.47,-0.58,26.71,-0.19,1.99,0.00,0.00,0.97,0.08,0.22,0.34,713.44,1.30,130.63,3492,3361,610,
0.04,0.02,0.99,0.06,0.50,-0.56,26.68,-0.18,1.97,0.00,0.00,0.97,0.23,0.25,0.32,711.96,1.14,128.23,3490,3366,610,
0.04,0.02,0.99,0.04,0.49,-0.56,26.61,-0.18,1.98,0.00,0.00,0.97,0.01,0.25,0.32,708.04,1.20,130.66,3502,3360,610,
0.04,0.02,0.99,0.05,0.49,-0.58,26.71,-0.17,2.01,0.00,0.00,0.97,0.16,0.25,0.34,713.77,1.01,133.83,3496,3356,610,
0.04,0.02,0.99,0.05,0.50,-0.57,26.56,-0.12,2.02,0.00,0.00,0.97,0.15,0.26,0.33,705.68,0.56,133.59,3489,3363,611,
0.04,0.02,0.99,0.03,0.49,-0.57,26.62,-0.15,2.06,0.00,0.00,0.97,0.08,0.24,0.33,708.89,0.77,138.88,3480,3358,610,
0.04,0.02,0.99,0.03,0.50,-0.54,26.61,-0.16,2.05,0.00,0.00,0.97,0.08,0.26,0.30,708.09,0.99,138.16,3486,3362,611,
0.04,0.02,0.98,0.02,0.48,-0.56,26.54,-0.18,2.01,0.00,0.00,0.97,0.15,0.24,0.32,704.70,1.11,133.97,3493,3386,610,
0.04,0.02,0.98,0.02,0.47,-0.55,26.48,-0.14,1.94,0.00,0.00,0.97,0.22,0.23,0.31,701.49,0.77,123.29,3488,3360,610,
0.04,0.02,0.98,-0.01,0.45,-0.58,26.35,-0.15,1.91,0.00,0.00,0.97,0.30,0.21,0.34,694.51,0.83,120.67,3502,3367,610,
0.04,0.02,0.98,-0.02,0.45,-0.59,26.65,-0.16,1.93,0.00,0.00,0.97,0.23,0.21,0.36,710.13,0.95,122.72,3496,3360,610,
0.04,0.02,0.98,-0.00,0.45,-0.58,26.68,-0.18,1.94,0.00,0.00,0.97,0.23,0.21,0.35,711.72,1.12,123.58,3495,3358,611,
0.04,0.02,0.98,0.01,0.47,-0.56,26.49,-0.15,1.97,0.00,0.00,0.97,0.15,0.23,0.32,701.79,0.80,127.24,3486,3364,611,
0.04,0.02,0.98,0.01,0.46,-0.59,26.51,-0.15,2.01,0.00,0.00,0.97,0.22,0.22,0.35,702.99,0.84,131.24,3471,3364,610,
0.04,0.02,0.98,-0.00,0.46,-0.59,26.31,-0.14,1.99,0.00,0.00,0.97,0.08,0.22,0.35,692.35,0.73,130.73,3490,3370,610,
0.04,0.02,0.98,-0.02,0.45,-0.59,26.47,-0.14,2.00,0.00,0.00,0.97,0.23,0.21,0.36,700.96,0.76,131.78,3500,3367,611,
0.04,0.02,0.98,-0.00,0.45,-0.58,26.43,-0.15,1.96,0.00,0.00,0.97,0.30,0.21,0.35,698.86,0.84,127.71,3502,3363,610,
0.04,0.02,0.98,0.01,0.44,-0.60,26.42,-0.12,2.00,0.00,0.00,0.97,0.15,0.20,0.37,698.36,0.55,131.32,3494,3354,611,
0.04,0.02,0.98,0.02,0.44,-0.60,26.65,-0.15,2.02,0.00,0.00,0.97,0.30,0.20,0.36,710.11,0.81,134.44,3493,3385,611,
0.04,0.02,0.98,0.00,0.42,-0.60,26.52,-0.14,2.00,0.00,0.00,0.97,0.01,0.19,0.37,703.14,0.74,132.86,3499,3353,610,
0.04,0.02,0.98,0.01,0.43,-0.61,26.41,-0.16,1.98,0.00,0.00,0.97,0.08,0.19,0.37,697.51,0.97,130.08,3494,3367,610,
0.04,0.02,0.98,0.01,0.43,-0.60,26.32,-0.19,2.06,0.00,0.00,0.97,0.08,0.19,0.37,692.83,1.28,139.55,3479,3362,610,
0.04,0.02,0.98,0.00,0.42,-0.61,26.35,-0.18,2.04,0.00,0.00,0.97,0.01,0.18,0.38,694.68,1.15,136.62,3491,3372,610,
0.04,0.02,0.98,0.03,0.43,-0.62,26.43,-0.13,2.01,0.00,0.00,0.97,0.08,0.19,0.39,698.91,0.64,133.19,3500,3355,610,
0.04,0.02,0.98,0.04,0.45,-0.58,26.53,-0.13,1.99,0.00,0.00,0.97,0.15,0.21,0.35,703.80,0.62,130.35,3494,3378,610,
0.04,0.02,0.98,0.04,0.46,-0.57,26.59,-0.15,1.98,0.00,0.00,0.97,0.15,0.22,0.33,707.24,0.85,128.18,3483,3360,610,
0.04,0.02,0.98,0.02,0.43,-0.60,26.22,-0.15,1.98,0.00,0.00,0.97,0.08,0.19,0.37,687.59,0.86,129.06,3494,3381,610,
0.04,0.02,0.98,0.03,0.43,-0.59,26.45,-0.11,2.02,0.00,0.00,0.97,0.37,0.19,0.35,699.51,0.54,134.62,3503,3359,611,
0.04,0.02,0.98,0.06,0.45,-0.58,26.45,-0.12,1.95,0.00,0.00,0.97,0.16,0.21,0.35,699.50,0.58,125.30,3497,3359,611,
0.04,0.02,0.98,0.04,0.45,-0.57,26.38,-0.16,1.94,0.00,0.00,0.97,0.09,0.21,0.33,696.17,0.92,124.27,3493,3367,610,
0.04,0.02,0.98,0.04,0.45,-0.56,26.31,-0.15,1.90,0.00,0.00,0.97,0.30,0.21,0.33,692.28,0.85,119.95,3499,3357,610,
0.04,0.02,0.98,0.03,0.44,-0.55,26.35,-0.19,1.89,0.00,0.00,0.97,0.30,0.20,0.31,694.56,1.28,118.09,3499,3355,611,
0.04,0.02,0.98,0.02,0.43,-0.56,26.52,-0.19,1.87,0.00,0.00,0.97,0.15,0.20,0.32,703.57,1.36,114.67,3470,3380,610,
0.04,0.02,0.98,0.03,0.44,-0.56,26.43,-0.22,1.90,0.00,0.00,0.97,0.08,0.20,0.32,698.79,1.76,120.04,3498,3350,610,
0.04,0.02,0.98,0.04,0.43,-0.57,26.51,-0.22,1.87,0.00,0.00,0.97,0.08,0.19,0.33,702.93,1.79,114.67,3487,3362,610,
0.04,0.02,0.98,0.02,0.41,-0.59,25.69,-0.35,1.91,0.00,0.00,0.97,0.13,0.22,0.36,660.11,4.48,119.92,3486,3372,611,
0.04,0.02,0.98,0.04,0.40,-0.60,25.61,-0.33,1.92,0.00,0.00,0.97,0.02,0.18,0.38,655.85,3.77,120.71,3485,3353,610,
0.05,0.01,0.98,0.22,0.42,2.31,22.45,0.96,1.94,0.00,0.00,0.97,0.58,1.04,30.81,520.93,106.63,125.23,3501,3347,610,
0.06,0.05,0.98,0.16,0.38,1.47,31.73,4.20,1.95,0.01,0.01,0.97,0.79,2.03,32.03,1039.74,582.72,126.72,3500,3341,610,
0.04,0.03,0.98,0.03,0.41,-0.60,34.36,4.28,2.04,0.00,0.00,0.98,1.06,2.10,0.65,1180.60,598.41,137.03,3485,3350,610,
0.05,0.03,0.98,0.00,0.39,-0.58,34.37,4.29,2.00,0.00,0.00,0.98,0.91,2.26,0.71,1181.50,601.59,131.62,3497,3360,611,
0.04,0.03,0.98,-0.03,0.36,-0.58,34.38,4.26,1.99,0.01,0.01,0.98,5.79,8.60,1.29,1182.16,599.76,132.42,3516,3342,611,
0.03,0.03,0.98,-0.01,0.42,-0.58,34.71,4.26,1.99,0.01,0.01,0.98,1.55,2.85,0.61,1204.56,597.91,131.80,3499,3352,610,
0.05,0.03,0.98,0.02,0.43,-0.51,34.58,4.33,1.99,0.01,0.01,0.98,1.83,3.18,1.05,1195.68,611.87,130.78,3486,3356,610,
0.05,0.03,0.98,0.01,0.38,-0.53,34.65,4.28,2.02,0.01,0.01,0.98,3.29,5.38,1.00,1200.80,598.67,134.62,3492,3379,611,
0.05,0.03,0.98,0.01,0.41,-0.54,34.64,4.32,1.98,0.01,0.02,0.98,2.50,3.72,0.85,1199.89,602.87,128.05,3473,3390,611,
0.05,0.03,0.98,-0.01,0.39,-0.57,34.53,4.30,1.97,0.01,0.02,0.98,3.13,5.42,0.59,1192.32,606.48,128.60,3492,3365,610,
0.05,0.03,0.98,0.01,0.43,-0.58,34.65,4.28,2.01,0.01,0.01,0.97,2.22,3.26,0.63,1200.79,602.00,134.00,3504,3343,611,
0.06,0.03,0.98,0.02,0.38,-0.52,34.57,4.31,2.02,0.01,0.01,0.97,2.56,4.25,0.94,1195.35,604.64,133.13,3486,3367,611,
0.04,0.03,0.98,0.04,0.34,-0.51,34.90,4.28,2.04,0.01,0.01,0.98,2.21,2.68,0.88,1217.83,600.61,137.05,3491,3375,610,
0.03,0.03,0.98,0.01,0.44,-0.43,35.88,4.22,2.07,0.01,0.01,0.98,2.61,3.30,0.89,1287.70,582.28,140.70,3493,3344,611,
0.05,0.02,0.98,0.04,0.43,0.44,36.59,4.11,2.05,0.01,0.01,0.97,2.04,3.33,9.17,1339.36,555.62,139.62,3493,3365,609,
0.06,0.01,0.98,0.22,0.45,2.77,37.29,0.30,2.20,0.01,0.00,0.97,2.03,3.98,23.85,1420.57,35.70,159.09,3491,3355,611,
0.05,-0.00,0.98,0.07,0.45,-0.52,30.07,-0.69,2.03,0.00,0.00,0.97,0.40,0.83,0.29,904.17,15.56,135.19,3486,3377,611,
0.05,-0.00,0.98,0.06,0.46,-0.51,30.11,-0.69,1.99,0.00,0.00,0.97,0.33,0.86,0.26,906.54,15.64,132.52,3509,3351,610,
0.05,0.00,0.98,0.09,0.43,0.50,30.53,-0.62,2.11,0.00,0.00,0.97,0.37,0.76,20.38,935.85,13.01,146.38,3483,3366,610,
0.07,0.03,0.98,0.21,0.56,2.29,22.75,1.25,2.01,0.01,0.00,0.96,0.87,1.75,52.65,521.91,163.64,133.08,3481,3361,610,
0.04,0.03,0.98,0.08,0.47,1.60,26.36,3.74,1.96,0.00,0.01,0.97,1.32,2.58,24.73,759.38,469.88,128.02,3503,3359,609,
0.06,0.03,0.98,-0.09,0.33,-2.81,24.54,4.13,1.92,0.01,0.00,0.97,0.74,1.63,13.48,626.84,566.07,122.28,3509,3345,611,
0.04,0.02,0.98,0.13,0.39,1.12,28.67,4.39,2.02,0.00,0.00,0.97,0.72,0.82,7.00,836.24,639.37,135.73,3507,3351,610,
0.03,0.03,0.99,0.07,0.42,-0.53,31.13,4.53,1.88,0.00,0.00,0.97,0.17,0.19,0.28,969.30,674.21,117.44,3498,3350,610,
0.03,0.03,0.99,0.07,0.42,-0.53,31.14,4.47,1.83,0.00,0.00,0.97,0.09,0.19,0.29,969.65,661.05,110.94,3506,3343,610,
0.03,0.03,0.99,0.08,0.43,-0.53,31.44,4.48,1.83,0.00,0.00,0.97,0.09,0.19,0.29,988.29,664.36,111.21,3506,3361,610,
0.03,0.03,0.99,0.06,0.43,-0.53,31.38,4.50,1.84,0.00,0.00,0.97,0.01,0.19,0.29,985.09,660.58,111.09,3481,3364,610,
0.03,0.03,0.99,0.11,0.44,-0.55,31.29,4.44,1.73,0.00,0.00,0.97,0.09,0.20,0.31,978.91,655.75,100.52,3518,3349,610,
0.03,0.03,0.99,0.11,0.43,-0.55,31.21,4.52,1.80,0.00,0.00,0.97,0.02,0.20,0.31,974.48,666.45,106.30,3488,3360,611,
0.03,0.03,0.99,0.11,0.42,-0.56,31.08,4.53,1.83,0.00,0.00,0.97,0.09,0.19,0.32,965.87,670.53,110.20,3495,3359,611,
0.03,0.03,0.99,0.10,0.42,-0.58,30.99,4.53,1.86,0.00,0.00,0.97,0.02,0.19,0.35,960.71,665.51,112.69,3475,3375,610,
0.03,0.03,0.99,0.08,0.42,-0.57,30.92,4.50,1.87,0.00,0.00,0.97,0.16,0.19,0.34,955.89,669.56,115.80,3505,3371,610,
0.03,0.03,0.99,0.08,0.42,-0.57,30.85,4.50,1.85,0.00,0.00,0.97,0.02,0.19,0.33,951.95,655.08,111.16,3470,3380,610,
0.03,0.03,0.99,0.08,0.42,-0.58,30.89,4.45,1.80,0.00,0.00,0.97,0.09,0.18,0.34,954.20,654.73,108.07,3505,3361,610,
0.03,0.03,0.99,0.06,0.41,-0.58,30.84,4.51,1.87,0.00,0.00,0.97,0.16,0.18,0.34,950.94,669.96,115.84,3500,3351,610,
0.03,0.03,0.98,0.08,0.43,-0.57,31.05,4.51,1.92,0.00,0.00,0.97,0.09,0.19,0.34,964.05,661.18,120.63,3479,3353,610,
0.03,0.03,0.98,0.05,0.41,-0.58,30.93,4.52,1.91,0.00,0.00,0.97,0.01,0.17,0.34,956.67,670.09,120.48,3492,3357,610,
0.03,0.03,0.98,0.06,0.43,-0.56,30.82,4.51,1.90,0.00,0.00,0.97,0.23,0.19,0.32,949.67,658.62,117.64,3478,3360,611,
0.03,0.03,0.98,0.09,0.45,-0.54,30.82,4.47,1.86,0.00,0.00,0.97,0.02,0.21,0.30,950.26,658.17,115.12,3497,3367,610,
0.02,0.03,0.99,0.09,0.44,-0.56,30.86,4.45,1.89,0.00,0.00,0.97,0.02,0.20,0.32,952.24,655.33,119.07,3508,3344,610,
0.03,0.03,0.99,0.08,0.42,-0.57,30.91,4.42,1.89,0.00,0.00,0.97,0.09,0.19,0.33,955.35,646.96,119.33,3507,3358,610,
0.02,0.03,0.99,0.06,0.43,-0.57,30.88,4.42,1.89,0.00,0.00,0.97,0.09,0.19,0.33,953.42,640.98,117.48,3500,3372,611,
0.02,0.03,0.99,0.08,0.44,-0.58,30.81,4.47,1.90,0.00,0.00,0.97,0.09,0.20,0.34,949.26,650.77,118.81,3480,3362,610,
0.03,0.03,0.99,0.07,0.43,-0.58,31.03,4.36,1.98,0.00,0.00,0.97,0.30,0.19,0.35,962.96,620.85,129.05,3491,3372,611,
0.03,0.03,0.98,0.07,0.43,-0.56,31.06,4.32,1.94,0.00,0.00,0.97,0.09,0.19,0.33,964.52,619.62,125.79,3511,3370,610,
0.03,0.03,0.98,0.06,0.44,-0.57,31.19,4.38,1.97,0.00,0.00,0.97,0.01,0.20,0.33,972.79,623.40,126.49,3478,3379,610,
0.03,0.03,0.99,0.06,0.43,-0.58,31.27,4.36,1.91,0.00,0.00,0.97,0.09,0.19,0.35,977.63,620.64,120.35,3492,3344,611,
0.03,0.03,0.98,0.07,0.43,-0.59,31.19,4.38,1.93,0.00,0.00,0.97,0.02,0.19,0.35,972.67,624.60,122.81,3482,3364,610,
0.03,0.03,0.98,0.04,0.43,-0.58,30.77,4.39,1.93,0.00,0.00,0.97,0.12,0.22,0.35,946.92,632.58,123.48,3491,3379,610,
0.02,0.03,0.98,0.07,0.43,-0.58,30.30,4.49,1.87,0.00,0.00,0.97,0.23,0.19,0.35,918.32,657.24,115.49,3486,3381,610,
0.03,0.03,0.98,0.04,0.43,-0.58,30.39,4.47,1.90,0.00,0.00,0.97,0.08,0.19,0.35,923.70,651.26,118.59,3485,3375,611,
0.03,0.03,0.98,0.04,0.43,-0.59,30.47,4.52,1.85,0.00,0.00,0.97,0.01,0.19,0.35,928.63,665.41,112.36,3489,3367,611,
0.03,0.03,0.98,0.05,0.43,-0.58,30.72,4.51,1.87,0.00,0.00,0.97,0.23,0.19,0.35,944.10,669.88,116.39,3500,3359,610,
0.03,0.03,0.98,0.05,0.44,-0.58,31.36,4.52,1.95,0.00,0.00,0.97,0.23,0.20,0.34,983.56,660.35,123.64,3476,3366,611,
0.03,0.03,0.98,0.05,0.45,-0.58,31.33,4.51,1.93,0.00,0.00,0.97,0.08,0.21,0.34,981.53,662.90,122.46,3485,3365,611,
0.03,0.03,0.98,0.06,0.44,-0.58,31.21,4.51,1.95,0.00,0.00,0.97,0.23,0.20,0.34,974.32,660.82,124.04,3479,3358,611,
0.03,0.03,0.98,0.07,0.46,-0.56,31.17,4.46,1.90,0.00,0.00,0.97,0.09,0.22,0.32,971.98,654.47,119.85,3497,3365,610,
0.03,0.03,0.98,0.07,0.46,-0.56,31.15,4.49,1.93,0.00,0.00,0.97,0.23,0.22,0.32,970.49,660.15,122.25,3489,3368,610,
0.03,0.03,0.98,0.06,0.46,-0.55,31.22,4.45,1.82,0.00,0.00,0.97,0.01,0.22,0.31,974.71,652.28,110.51,3503,3350,610,
0.03,0.03,0.98,0.05,0.47,-0.55,31.36,4.51,1.90,0.00,0.00,0.97,0.23,0.23,0.31,983.65,660.79,117.77,3473,3374,610,
0.03,0.03,0.98,0.05,0.46,-0.56,31.33,4.50,1.90,0.00,0.00,0.97,0.01,0.22,0.32,981.80,658.45,118.91,3484,3382,611,
0.03,0.03,0.98,0.10,0.47,-0.57,31.49,4.49,1.94,0.00,0.00,0.97,0.23,0.23,0.33,991.78,659.13,124.28,3491,3363,610,
0.03,0.03,0.98,0.06,0.46,-0.56,31.51,4.51,1.87,0.00,0.00,0.97,0.16,0.22,0.32,993.04,661.79,115.05,3480,3370,610,
0.03,0.03,0.98,0.07,0.46,-0.57,31.49,4.51,1.85,0.00,0.00,0.97,0.09,0.22,0.33,991.51,667.91,113.00,3504,3349,611,
0.03,0.03,0.98,0.09,0.48,-0.55,31.42,4.53,1.89,0.00,0.00,0.97,0.02,0.24,0.31,987.55,669.16,117.03,3488,3389,611,
0.03,0.03,0.98,0.09,0.47,-0.57,31.45,4.52,1.86,0.00,0.00,0.97,0.30,0.23,0.33,989.38,675.52,115.29,3506,3362,610,
0.03,0.03,0.98,0.07,0.48,-0.57,31.54,4.55,1.88,0.00,0.00,0.97,0.09,0.24,0.33,994.67,675.36,116.70,3481,3381,610,
0.03,0.03,0.98,0.09,0.48,-0.57,31.61,4.57,1.93,0.00,0.00,0.97,0.02,0.24,0.33,999.51,680.38,122.74,3488,3372,611,
0.03,0.03,0.98,0.10,0.47,-0.57,31.53,4.55,1.92,0.00,0.00,0.97,0.02,0.23,0.33,994.19,677.03,121.85,3491,3357,610,
0.03,0.03,0.98,0.09,0.49,-0.56,31.46,4.55,1.95,0.00,0.00,0.97,0.02,0.25,0.32,989.63,672.90,124.15,3474,3371,610,
0.03,0.03,0.98,0.11,0.49,-0.57,31.44,4.53,1.93,0.00,0.00,0.97,0.17,0.24,0.33,988.48,676.63,123.36,3499,3364,610,
0.03,0.03,0.98,0.08,0.46,-0.59,31.56,4.59,2.01,0.00,0.00,0.97,0.02,0.22,0.36,996.30,685.90,132.50,3482,3365,610,
0.03,0.03,0.98,0.05,0.46,-0.60,31.56,4.53,1.96,0.00,0.00,0.97,0.01,0.22,0.36,996.08,677.86,127.69,3503,3358,610,
0.03,0.03,0.98,0.05,0.47,-0.59,31.57,4.60,1.94,0.00,0.00,0.97,0.15,0.22,0.36,996.52,687.56,123.17,3479,3372,610,
0.03,0.03,0.98,0.03,0.46,-0.58,31.62,4.57,1.94,0.00,0.00,0.97,0.16,0.22,0.34,999.83,684.29,124.67,3490,3358,610,
0.03,0.03,0.98,0.00,0.45,-0.59,31.69,4.56,1.96,0.00,0.00,0.97,0.08,0.21,0.36,1004.43,683.06,127.12,3493,3355,610,
0.03,0.03,0.98,-0.00,0.45,-0.58,31.53,4.55,1.88,0.00,0.00,0.97,0.08,0.21,0.34,994.50,689.00,119.03,3527,3352,611,
0.03,0.03,0.98,0.04,0.48,-0.57,31.29,4.55,1.93,0.00,0.00,0.97,0.23,0.23,0.33,979.15,683.20,123.86,3507,3339,610,
0.00,0.02,0.99,0.00,0.41,-1.57,30.10,4.50,1.98,0.00,0.00,0.97,7.48,4.32,10.19,912.19,668.56,130.07,3506,3365,611,
0.03,0.06,0.97,-0.39,-0.13,-1.31,18.38,3.82,1.56,0.02,0.02,0.94,85.90,120.48,74.34,354.73,535.70,90.63,3487,3355,610,
0.07,-0.11,0.96,0.76,0.94,-0.68,17.48,4.52,1.00,0.01,0.05,0.93,240.37,149.24,102.85,306.86,675.66,38.69,3479,3372,611,
0.08,-0.20,0.96,-0.05,0.45,-0.69,17.89,4.09,1.12,0.01,0.04,0.93,0.17,0.21,0.49,320.19,551.98,42.46,3501,3358,610,
0.08,-0.21,0.96,-0.00,0.46,-0.68,17.80,4.03,1.17,0.01,0.04,0.93,0.46,0.47,0.50,317.23,526.09,45.42,3472,3377,610,
-0.01,-0.06,0.94,0.80,-1.82,-1.41,16.73,6.80,0.05,0.03,0.07,0.92,908.41,456.21,763.78,306.61,1765.10,55.17,3506,3355,611,
-0.19,0.15,0.95,0.08,0.66,1.18,26.64,8.85,0.19,0.05,0.06,0.96,569.49,265.52,874.59,740.59,2578.09,3.09,3489,3377,610,
-0.02,0.13,0.96,0.39,-0.15,-6.37,11.28,6.28,0.76,0.03,0.04,0.94,170.76,230.00,504.34,223.16,1434.89,73.72,3501,3349,610,
0.07,0.06,0.98,0.26,0.36,-0.55,6.31,4.59,1.64,0.01,0.00,0.96,0.08,0.14,0.31,39.92,687.68,88.85,3487,3376,611,
0.07,0.06,0.98,0.26,0.35,-0.54,6.30,4.57,1.70,0.01,0.00,0.97,0.07,0.13,0.30,39.85,689.98,96.70,3515,3413,611,
0.07,0.06,0.98,0.24,0.35,-0.54,6.18,4.60,1.67,0.01,0.00,0.97,0.06,0.13,0.30,38.27,681.25,90.15,3464,3388,611,
0.07,0.06,0.98,0.25,0.37,-0.52,6.50,4.61,1.63,0.01,0.00,0.97,0.07,0.14,0.28,42.30,686.13,87.32,3475,3369,611,
0.07,0.06,0.98,0.25,0.37,-0.51,6.60,4.60,1.64,0.01,0.00,0.97,0.07,0.15,0.27,43.68,692.63,89.26,3493,3367,611,
0.17,0.04,0.97,0.32,0.59,-0.36,9.71,4.18,2.00,0.04,0.00,0.94,47.55,79.08,70.12,98.00,569.09,131.97,3487,3371,611,
0.14,0.08,0.96,-0.04,0.78,2.81,11.63,3.53,1.73,0.03,0.02,0.93,232.59,176.86,167.89,137.86,437.54,100.24,3489,3360,610,
-0.15,0.07,0.96,0.62,1.45,-1.85,-12.15,12.72,3.33,0.04,0.01,0.94,339.19,368.52,356.43,2187.26,6987.60,713.46,3482,3358,610,
-0.14,0.06,0.98,-0.38,0.48,-0.75,-75.17,22.70,8.02,0.02,0.00,0.95,3.23,5.34,0.94,5650.51,16987.58,2122.73,3503,3361,610,
-0.14,0.06,0.97,-0.43,0.52,-0.76,-75.12,22.79,8.03,0.02,0.00,0.95,7.75,11.93,1.45,5643.74,16965.17,2109.12,3481,3380,609,
-0.14,0.06,0.97,-0.39,0.47,-0.77,-75.29,22.77,8.06,0.02,0.00,0.95,8.10,13.55,1.27,5668.72,17018.02,2135.11,3489,3345,609,
-0.14,0.06,0.97,-0.42,0.58,-0.83,-76.39,22.81,8.18,0.02,0.00,0.95,30.98,43.43,4.03,5837.24,17107.42,2201.55,3497,3369,610,
-0.14,0.06,0.97,-0.33,0.51,-0.89,-81.51,23.66,8.93,0.02,0.00,0.95,35.40,45.35,4.83,6647.96,18244.08,2601.37,3482,3362,610,
-0.13,0.07,0.97,-0.40,0.53,-0.85,-90.12,23.83,10.17,0.02,0.00,0.95,15.41,22.72,3.62,8175.50,18733.14,3452.39,3503,3346,610,
-0.12,0.07,0.98,-0.42,0.49,-0.79,-99.26,24.00,11.53,0.01,0.01,0.95,9.83,12.01,1.16,9853.40,18920.57,4363.17,3490,3353,609,
-0.11,0.08,0.98,-0.41,0.47,-0.78,-99.57,23.98,11.60,0.01,0.01,0.95,7.01,7.71,1.04,9914.38,18974.51,4438.70,3504,3352,610,
-0.11,0.08,0.98,-0.41,0.49,-0.78,-99.70,24.06,11.66,0.01,0.01,0.95,2.13,2.60,0.65,9941.00,18998.19,4464.45,3494,3344,610,
-0.11,0.08,0.98,-0.48,0.48,-0.79,-99.80,24.03,11.63,0.01,0.01,0.95,2.23,2.99,0.66,9960.72,19025.77,4458.58,3501,3368,610,
-0.11,0.08,0.98,-0.47,0.47,-0.79,-99.65,23.98,11.53,0.01,0.01,0.95,4.74,5.85,0.71,9931.17,18990.99,4386.44,3505,3350,610,
-0.11,0.08,0.98,-0.48,0.48,-0.80,-99.61,24.04,11.53,0.01,0.01,0.95,5.71,6.49,0.81,9921.98,18988.99,4372.34,3491,3370,609,
-0.11,0.08,0.98,-0.45,0.50,-0.80,-99.43,24.08,11.57,0.01,0.01,0.95,11.40,12.22,1.07,9886.99,19007.07,4390.94,3493,3363,610,
-0.15,0.10,0.94,-2.42,2.31,-0.24,-79.69,21.11,9.96,0.05,0.02,0.91,710.05,680.58,412.87,8542.61,16105.34,3839.15,3505,3343,610,
0.19,-0.09,0.90,0.30,0.13,-0.92,21.60,3.69,2.13,0.13,0.04,0.82,346.26,379.34,269.44,611.93,520.34,334.43,3484,3360,610,
-0.12,0.05,0.98,-0.39,0.51,-0.74,26.30,4.20,1.18,0.01,0.00,0.96,0.31,0.45,0.56,691.80,580.67,46.55,3495,3350,609,
-0.12,0.05,0.98,-0.42,0.52,-0.75,26.39,4.18,1.13,0.01,0.00,0.96,0.47,0.41,0.57,696.58,575.43,43.09,3503,3359,610,
-0.12,0.05,0.98,-0.42,0.51,-0.75,26.55,4.22,1.14,0.01,0.00,0.96,0.30,0.69,0.58,705.04,584.57,43.62,3496,3373,610,
-0.12,0.05,0.98,-0.43,0.52,-0.74,26.49,4.24,1.15,0.01,0.00,0.96,0.33,0.30,0.56,701.86,591.31,44.52,3497,3407,610,
-0.12,0.05,0.98,-0.44,0.53,-0.74,26.63,4.27,1.18,0.01,0.00,0.96,0.36,0.33,0.56,709.06,581.46,45.23,3448,3383,610,
-0.12,0.05,0.98,-0.43,0.55,-0.74,26.77,4.26,1.17,0.01,0.00,0.96,0.39,0.51,0.56,716.77,586.42,45.12,3464,3399,610,
-0.12,0.05,0.98,-0.42,0.53,-0.75,26.72,4.26,1.18,0.01,0.00,0.96,0.37,0.41,0.57,714.06,584.69,45.68,3462,3389,610,
-0.12,0.05,0.98,-0.42,0.53,-0.75,26.76,4.25,1.21,0.01,0.00,0.96,0.20,0.30,0.57,716.26,586.09,48.55,3483,3371,611,
-0.12,0.05,0.98,-0.43,0.53,-0.75,26.63,4.23,1.17,0.01,0.00,0.96,0.22,0.30,0.57,709.36,578.37,44.97,3467,3385,610,
-0.12,0.05,0.98,-0.42,0.53,-0.75,26.85,4.18,1.17,0.01,0.00,0.96,0.20,0.29,0.56,720.86,570.61,45.46,3487,3369,610,
-0.12,0.05,0.98,-0.41,0.54,-0.74,26.71,4.22,1.19,0.01,0.00,0.96,0.18,0.30,0.56,713.78,575.43,46.77,3471,3375,610,
-0.12,0.05,0.98,-0.44,0.54,-0.75,26.58,4.24,1.15,0.01,0.00,0.96,0.21,0.30,0.57,706.57,576.97,43.14,3460,3391,611,
-0.12,0.05,0.98,-0.43,0.53,-0.76,26.59,4.24,1.14,0.01,0.00,0.96,0.20,0.29,0.59,707.04,582.54,43.30,3471,3374,610,
-0.12,0.05,0.98,-0.42,0.54,-0.76,26.62,4.24,1.16,0.01,0.00,0.96,0.19,0.30,0.59,708.85,576.81,43.86,3449,3375,609,
-0.12,0.05,0.98,-0.43,0.54,-0.74,26.59,4.24,1.14,0.01,0.00,0.96,0.20,0.30,0.56,707.16,587.17,43.21,3486,3359,610,
-0.12,0.05,0.98,-0.42,0.53,-0.76,26.51,4.29,1.15,0.01,0.00,0.96,0.19,0.30,0.58,703.11,591.81,43.63,3456,3373,610,
-0.12,0.05,0.98,-0.42,0.54,-0.75,26.49,4.26,1.16,0.01,0.00,0.95,0.19,0.30,0.57,701.98,587.03,44.35,3473,3370,610,
-0.12,0.05,0.98,-0.41,0.53,-0.75,26.67,4.26,1.19,0.01,0.00,0.96,0.43,0.58,0.58,711.59,589.17,47.10,3473,3365,610,
-0.12,0.05,0.98,-0.40,0.54,-0.74,26.76,4.21,1.22,0.01,0.00,0.96,0.28,0.38,0.56,716.05,571.83,49.12,3464,3383,610,
-0.12,0.05,0.98,-0.39,0.52,-0.74,26.95,4.23,1.23,0.01,0.00,0.96,0.32,0.47,0.55,726.12,576.36,49.29,3458,3389,610,
-0.12,0.05,0.98,-0.37,0.53,-0.74,26.98,4.21,1.21,0.01,0.00,0.95,0.29,0.33,0.56,728.18,572.17,48.59,3469,3405,610,
-0.12,0.05,0.98,-0.38,0.52,-0.75,27.01,4.20,1.23,0.01,0.00,0.95,0.27,0.39,0.57,729.51,568.63,49.23,3463,3379,610,
-0.12,0.05,0.98,-0.39,0.51,-0.74,26.88,4.24,1.23,0.01,0.00,0.96,0.26,0.28,0.56,722.90,578.71,49.45,3462,3376,610,
-0.12,0.05,0.98,-0.36,0.53,-0.75,26.78,4.21,1.22,0.01,0.00,0.95,0.15,0.29,0.57,717.52,573.27,49.24,3466,3377,610,
-0.12,0.05,0.98,-0.39,0.53,-0.75,26.71,4.22,1.18,0.01,0.00,0.95,0.18,0.29,0.57,713.29,576.93,46.22,3471,3383,610,
-0.12,0.05,0.98,-0.39,0.54,-0.74,26.84,4.20,1.15,0.01,0.00,0.95,0.20,0.32,0.55,720.58,574.84,43.51,3479,3385,610,
-0.12,0.05,0.98,-0.40,0.54,-0.71,27.07,4.19,1.09,0.01,0.00,0.95,0.42,0.57,0.51,732.73,568.55,39.63,3474,3373,610,
-0.12,0.05,0.98,-0.44,0.52,-0.72,26.93,4.24,1.12,0.01,0.00,0.96,0.67,0.63,0.53,725.12,576.95,41.08,3462,3359,611,
-0.12,0.05,0.98,-0.45,0.54,-0.70,26.90,4.21,1.15,0.01,0.00,0.95,0.54,0.64,0.57,723.46,577.08,44.19,3475,3391,609,
-0.12,0.05,0.98,-0.42,0.55,-0.69,27.04,4.23,1.18,0.01,0.00,0.95,0.37,0.33,0.48,731.04,580.44,46.11,3476,3379,610,
-0.13,0.06,0.98,-0.46,0.51,-0.72,27.17,4.36,1.26,0.02,0.00,0.95,0.34,0.35,0.54,738.19,610.45,51.77,3453,3376,609,
-0.13,0.06,0.98,-0.45,0.51,-0.72,27.22,4.34,1.32,0.02,0.00,0.95,0.35,0.37,0.53,741.01,611.60,57.67,3477,3394,610,
-0.13,0.06,0.98,-0.44,0.52,-0.73,27.26,4.39,1.24,0.02,0.00,0.95,0.21,0.28,0.54,743.10,622.44,50.38,3457,3387,609,
-0.13,0.06,0.98,-0.48,0.52,-0.71,27.18,4.36,1.20,0.02,0.00,0.95,0.26,0.29,0.51,738.82,628.86,48.53,3508,3360,610,
-0.13,0.06,0.98,-0.46,0.52,-0.72,27.04,4.38,1.13,0.02,0.00,0.95,0.27,0.31,0.53,731.17,631.95,43.24,3500,3388,610,
-0.13,0.06,0.98,-0.46,0.51,-0.72,27.13,4.38,1.15,0.02,0.00,0.95,0.34,0.37,0.53,736.14,631.44,44.12,3496,3387,610,
-0.13,0.06,0.98,-0.46,0.52,-0.71,27.14,4.39,1.16,0.02,0.00,0.95,0.33,0.29,0.52,736.51,623.12,44.75,3469,3422,610,
-0.13,0.06,0.98,-0.48,0.52,-0.72,26.95,4.39,1.17,0.02,0.00,0.95,0.30,0.37,0.53,726.36,628.71,45.43,3485,3430,610,
-0.13,0.06,0.98,-0.47,0.51,-0.71,27.03,4.39,1.14,0.02,0.00,0.95,0.35,0.29,0.52,730.95,625.40,42.87,3478,3454,610,
-0.13,0.06,0.98,-0.48,0.52,-0.71,26.91,4.42,1.14,0.02,0.00,0.95,0.32,0.29,0.51,724.15,629.77,43.00,3466,3411,610,
-0.13,0.06,0.98,-0.47,0.53,-0.69,27.23,4.37,1.18,0.02,0.00,0.95,0.24,0.29,0.49,741.37,615.93,45.72,3462,3425,610,
-0.13,0.06,0.98,-0.50,0.53,-0.69,27.32,4.36,1.20,0.02,0.00,0.95,0.27,0.29,0.49,746.29,613.71,47.20,3469,3439,610,
-0.13,0.06,0.98,-0.49,0.54,-0.71,27.49,4.40,1.18,0.02,0.00,0.95,0.28,0.31,0.51,755.82,624.68,45.55,3463,3413,610,
-0.13,0.06,0.98,-0.46,0.53,-0.73,27.35,4.36,1.11,0.02,0.00,0.95,0.28,0.33,0.54,748.34,622.59,41.40,3490,3424,610,
-0.13,0.06,0.98,-0.45,0.54,-0.71,27.49,4.40,1.18,0.02,0.00,0.95,0.24,0.32,0.52,755.85,623.52,45.49,3465,3422,610,
-0.13,0.06,0.98,-0.47,0.54,-0.71,27.33,4.37,1.13,0.02,0.00,0.95,0.26,0.31,0.51,746.98,617.75,42.38,3468,3401,610,
-0.13,0.06,0.98,-0.46,0.53,-0.72,27.30,4.37,1.18,0.02,0.00,0.95,0.24,0.30,0.53,745.32,614.59,45.53,3464,3416,610,
-0.13,0.06,0.97,-0.46,0.54,-0.72,27.30,4.34,1.20,0.02,0.00,0.95,0.23,0.30,0.53,745.45,608.46,47.10,3466,3402,610,
-0.13,0.06,0.97,-0.48,0.51,-0.74,27.47,4.37,1.18,0.02,0.00,0.95,0.25,0.27,0.55,754.54,615.34,45.54,3466,3433,610,
-0.13,0.06,0.98,-0.48,0.50,-0.73,27.47,4.36,1.19,0.02,0.00,0.95,0.26,0.26,0.54,754.75,612.73,46.56,3459,3431,609,
-0.13,0.06,0.98,-0.46,0.51,-0.73,27.66,4.40,1.19,0.02,0.00,0.95,0.24,0.27,0.55,765.13,621.77,46.03,3457,3416,610,
-0.13,0.06,0.98,-0.41,0.55,-0.70,27.54,4.39,1.16,0.02,0.00,0.95,0.19,0.31,0.50,758.54,616.70,44.19,3454,3367,610,
-0.13,0.06,0.98,-0.43,0.54,-0.71,27.46,4.39,1.14,0.02,0.00,0.95,0.20,0.30,0.51,753.93,624.28,43.51,3465,3435,609,
-0.13,0.06,0.98,-0.42,0.56,-0.68,27.36,4.37,1.20,0.02,0.00,0.95,0.20,0.33,0.47,748.41,620.77,47.97,3469,3419,609,
-0.13,0.06,0.98,-0.44,0.54,-0.70,27.31,4.36,1.19,0.02,0.00,0.95,0.21,0.30,0.50,745.80,621.36,46.93,3486,3419,610,
-0.13,0.06,0.98,-0.43,0.55,-0.69,27.22,4.36,1.19,0.02,0.00,0.95,0.21,0.31,0.48,741.18,616.39,47.12,3464,3411,609,
-0.13,0.06,0.98,-0.42,0.54,-0.71,27.41,4.35,1.20,0.02,0.00,0.95,0.19,0.30,0.51,751.44,609.33,46.94,3462,3420,610,
-0.13,0.06,0.98,-0.41,0.53,-0.72,27.44,4.37,1.19,0.02,0.00,0.95,0.18,0.29,0.53,752.83,620.40,47.13,3477,3430,610,
-0.13,0.06,0.98,-0.42,0.53,-0.70,27.31,4.37,1.22,0.02,0.00,0.95,0.19,0.29,0.50,745.92,618.93,48.75,3466,3421,609,
-0.13,0.06,0.98,-0.40,0.53,-0.70,27.31,4.30,1.12,0.02,0.00,0.95,0.21,0.39,0.51,746.11,601.06,41.96,3479,3409,610,
-0.13,0.06,0.98,-0.38,0.52,-0.71,27.41,4.26,1.11,0.02,0.00,0.95,0.16,0.27,0.51,751.17,587.83,40.67,3469,3430,609,
-0.10,0.05,0.98,-0.48,0.82,1.09,23.55,3.86,1.17,0.01,0.01,0.96,47.43,39.42,123.15,592.10,491.93,45.73,3459,3420,610,
-0.08,0.02,0.98,-0.39,0.51,-0.71,14.13,2.83,1.35,0.01,0.00,0.97,0.51,0.83,0.54,199.85,263.88,60.97,3490,3442,610,
-0.07,0.05,0.98,-0.90,0.94,2.44,27.97,2.47,-1.02,0.01,0.01,0.97,103.98,117.39,530.87,6249.31,2328.23,4528.70,3474,3383,610,
-0.09,0.05,0.98,-0.44,0.51,-0.73,1.06,6.01,1.59,0.01,0.00,0.96,0.24,0.43,0.55,1.66,1165.29,83.00,3466,3412,610,
-0.09,0.05,0.98,-0.47,0.52,-0.73,1.18,6.04,1.62,0.01,0.00,0.96,0.32,0.33,0.55,1.56,1188.55,86.90,3487,3422,611,
-0.09,0.05,0.98,-0.50,0.51,-0.73,2.65,6.91,1.50,0.01,0.00,0.96,0.96,1.04,0.58,10.90,1552.26,73.20,3452,3377,610,
-0.09,0.05,0.98,-0.50,0.53,-0.74,4.87,7.83,1.41,0.01,0.00,0.96,0.51,0.47,0.56,23.87,1990.02,65.66,3480,3398,611,
-0.09,0.05,0.98,-0.51,0.54,-0.74,3.19,7.00,1.48,0.01,0.00,0.96,0.37,0.34,0.57,14.57,1620.15,72.72,3471,3410,609,
-0.09,0.05,0.98,-0.55,0.53,-0.76,1.14,5.99,1.52,0.01,0.00,0.96,0.56,0.52,0.59,1.42,1157.54,75.24,3467,3436,610,
-0.07,0.19,0.95,-2.74,1.08,-5.92,13.95,3.41,3.88,0.02,0.05,0.94,2794.50,540.86,3027.08,1079.07,569.49,1794.13,2971,2922,528,
-2.41,1.00,-2.41,-1205.57,500.00,-1205.32,-241.11,100.00,-241.06,5.81,1.00,5.81,1453390.50,250000.00,1452801.50,58135.62,10000.00,58112.09,30,30,30,
-2.41,1.00,-2.41,-1205.57,500.00,-1205.32,-241.11,100.00,-241.06,5.81,1.00,5.81,1453390.50,250000.00,1452801.50,58135.62,10000.00,58112.09,30,30,30,
-2.41,1.00,-2.41,-1205.57,500.00,-1205.32,-241.11,100.00,-241.06,5.81,1.00,5.81,1453390.50,250000.00,1452801.50,58135.62,10000.00,58112.09,30,30,30,
-2.41,1.00,-2.41,-1205.57,500.00,-1205.32,-241.11,100.00,-241.06,5.81,1.00,5.81,1453390.50,250000.00,1452801.50,58135.62,10000.00,58112.09,30,30,30,
-2.41,1.00,-2.41,-1205.57,500.00,-1205.32,-241.11,100.00,-241.06,5.81,1.00,5.81,1453390.50,250000.00,1452801.50,58135.62,10000.00,58112.09,30,30,30,
-2.41,1.00,-2.41,-1205.57,500.00,-1205.32,-241.11,100.00,-241.06,5.81,1.00,5.81,1453390.50,250000.00,1452801.50,58135.62,10000.00,58112.09,30,30,30,
-2.41,1.00,-2.41,-1205.57,500.00,-1205.32,-241.11,100.00,-241.06,5.81,1.00,5.81,1453390.50,250000.00,1452801.50,58135.62,10000.00,58112.09,30,30,30,
-2.41,1.00,-2.41,-1205.57,500.00,-1205.32,-241.11,100.00,-241.06,5.81,1.00,5.81,1453390.50,250000.00,1452801.50,58135.62,10000.00,58112.09,30,30,30,
-2.41,1.00,-2.41,-1205.57,500.00,-1205.32,-241.11,100.00,-241.06,5.81,1.00,5.81,1453390.50,250000.00,1452801.50,58135.62,10000.00,58112.09,30,30,30,
-2.41,1.00,-2.41,-1205.57,500.00,-1205.32,-241.11,100.00,-241.06,5.81,1.00,5.81,1453390.50,250000.00,1452801.50,58135.62,10000.00,58112.09,30,30,30,
-2.41,1.00,-2.41,-1205.57,500.00,-1205.32,-241.11,100.00,-241.06,5.81,1.00,5.81,1453390.50,250000.00,1452801.50,58135.62,10000.00,58112.09,30,30,30,
-2.41,1.00,-2.41,-1205.57,500.00,-1205.32,-241.11,100.00,-241.06,5.81,1.00,5.81,1453390.50,250000.00,1452801.50,58135.62,10000.00,58112.09,30,30,30,
-2.41,1.00,-2.41,-1205.57,500.00,-1205.32,-241.11,100.00,-241.06,5.81,1.00,5.81,1453390.50,250000.00,1452801.50,58135.62,10000.00,58112.09,30,30,30,
-2.41,1.00,-2.41,-1205.57,500.00,-1205.32,-241.11,100.00,-241.06,5.81,1.00,5.81,1453390.50,250000.00,1452801.50,58135.62,10000.00,58112.09,30,30,30,
-2.41,1.00,-2.41,-1205.57,500.00,-1205.32,-241.11,100.00,-241.06,5.81,1.00,5.81,1453390.50,250000.00,1452801.50,58135.62,10000.00,58112.09,30,30,30,
-2.41,1.00,-2.41,-1205.57,500.00,-1205.32,-241.11,100.00,-241.06,5.81,1.00,5.81,1453390.50,250000.00,1452801.50,58135.62,10000.00,58112.09,30,30,30,
-2.41,1.00,-2.41,-1205.57,500.00,-1205.32,-241.11,100.00,-241.06,5.81,1.00,5.81,1453390.50,250000.00,1452801.50,58135.62,10000.00,58112.09,30,30,30,
-2.41,1.00,-2.41,-1205.57,500.00,-1205.32,-241.11,100.00,-241.06,5.81,1.00,5.81,1453390.50,250000.00,1452801.50,58135.62,10000.00,58112.09,30,30,30,
-2.41,1.00,-2.41,-1205.57,500.00,-1205.32,-241.11,100.00,-241.06,5.81,1.00,5.81,1453390.50,250000.00,1452801.50,58135.62,10000.00,58112.09,30,30,30,
-2.41,1.00,-2.41,-1205.57,500.00,-1205.32,-241.11,100.00,-241.06,5.81,1.00,5.81,1453390.50,250000.00,1452801.50,58135.62,10000.00,58112.09,30,30,30,
-2.41,1.00,-2.41,-1205.57,500.00,-1205.32,-241.11,100.00,-241.06,5.81,1.00,5.81,1453390.50,250000.00,1452801.50,58135.62,10000.00,58112.09,30,30,30,
-2.41,1.00,-2.41,-1205.57,500.00,-1205.32,-241.11,100.00,-241.06,5.81,1.00,5.81,1453390.50,250000.00,1452801.50,58135.62,10000.00,58112.09,30,30,30,
-2.41,1.00,-2.41,-1205.57,500.00,-1205.32,-241.11,100.00,-241.06,5.81,1.00,5.81,1453390.50,250000.00,1452801.50,58135.62,10000.00,58112.09,30,30,30,
-2.41,1.00,-2.41,-1205.57,500.00,-1205.32,-241.11,100.00,-241.06,5.81,1.00,5.81,1453390.50,250000.00,1452801.50,58135.62,10000.00,58112.09,30,30,30,
-2.41,1.00,-2.41,-1205.57,500.00,-1205.32,-241.11,100.00,-241.06,5.81,1.00,5.81,1453390.50,250000.00,1452801.50,58135.62,10000.00,58112.09,30,30,30,
-2.41,1.00,-2.41,-1205.57,500.00,-1205.32,-241.11,100.00,-241.06,5.81,1.00,5.81,1453390.50,250000.00,1452801.50,58135.62,10000.00,58112.09,30,30,30,
-2.41,1.00,-2.41,-1205.57,500.00,-1205.32,-241.11,100.00,-241.06,5.81,1.00,5.81,1453390.50,250000.00,1452801.50,58135.62,10000.00,58112.09,30,30,30,
-2.41,1.00,-2.41,-1205.57,500.00,-1205.32,-241.11,100.00,-241.06,5.81,1.00,5.81,1453390.50,250000.00,1452801.50,58135.62,10000.00,58112.09,30,30,30,
-2.41,1.00,-2.41,-1205.57,500.00,-1205.32,-241.11,100.00,-241.06,5.81,1.00,5.81,1453390.50,250000.00,1452801.50,58135.62,10000.00,58112.09,30,30,30,
-2.41,1.00,-2.41,-1205.57,500.00,-1205.32,-241.11,100.00,-241.06,5.81,1.00,5.81,1453390.50,250000.00,1452801.50,58135.62,10000.00,58112.09,30,30,30,
-2.41,1.00,-2.41,-1205.57,500.00,-1205.32,-241.11,100.00,-241.06,5.81,1.00,5.81,1453390.50,250000.00,1452801.50,58135.62,10000.00,58112.09,30,30,30,
-2.41,1.00,-2.41,-1205.57,500.00,-1205.32,-241.11,100.00,-241.06,5.81,1.00,5.81,1453390.50,250000.00,1452801.50,58135.62,10000.00,58112.09,30,30,30,
-2.41,1.00,-2.41,-1205.57,500.00,-1205.32,-241.11,100.00,-241.06,5.81,1.00,5.81,1453390.50,250000.00,1452801.50,58135.62,10000.00,58112.09,30,30,30,
-2.41,1.00,-2.41,-1205.57,500.00,-1205.32,-241.11,100.00,-241.06,5.81,1.00,5.81,1453390.50,250000.00,1452801.50,58135.62,10000.00,58112.09,30,30,30,
-2.41,1.00,-2.41,-1205.57,500.00,-1205.32,-241.11,100.00,-241.06,5.81,1.00,5.81,1453390.50,250000.00,1452801.50,58135.62,10000.00,58112.09,30,30,30,
-2.41,1.00,-2.41,-1205.57,500.00,-1205.32,-241.11,100.00,-241.06,5.81,1.00,5.81,1453390.50,250000.00,1452801.50,58135.62,10000.00,58112.09,30,30,30,
-2.41,1.00,-2.41,-1205.57,500.00,-1205.32,-241.11,100.00,-241.06,5.81,1.00,5.81,1453390.50,250000.00,1452801.50,58135.62,10000.00,58112.09,30,30,30,
-2.41,1.00,-2.41,-1205.57,500.00,-1205.32,-241.11,100.00,-241.06,5.81,1.00,5.81,1453390.50,250000.00,1452801.50,58135.62,10000.00,58112.09,30,30,30,
-2.41,1.00,-2.41,-1205.57,500.00,-1205.32,-241.11,100.00,-241.06,5.81,1.00,5.81,1453390.50,250000.00,1452801.50,58135.62,10000.00,58112.09,30,30,30,
-2.41,1.00,-2.41,-1205.57,500.00,-1205.32,-241.11,100.00,-241.06,5.81,1.00,5.81,1453390.50,250000.00,1452801.50,58135.62,10000.00,58112.09,30,30,30,
-2.41,1.00,-2.41,-1205.57,500.00,-1205.32,-241.11,100.00,-241.06,5.81,1.00,5.81,1453390.50,250000.00,1452801.50,58135.62,10000.00,58112.09,30,30,30,
-2.41,1.00,-2.41,-1205.57,500.00,-1205.32,-241.11,100.00,-241.06,5.81,1.00,5.81,1453390.50,250000.00,1452801.50,58135.62,10000.00,58112.09,30,30,30,
-2.41,1.00,-2.41,-1205.57,500.00,-1205.32,-241.11,100.00,-241.06,5.81,1.00,5.81,1453390.50,250000.00,1452801.50,58135.62,10000.00,58112.09,30,30,30,
-2.41,1.00,-2.41,-1205.57,500.00,-1205.32,-241.11,100.00,-241.06,5.81,1.00,5.81,1453390.50,250000.00,1452801.50,58135.62,10000.00,58112.09,30,30,30,
-2.41,1.00,-2.41,-1205.57,500.00,-1205.32,-241.11,100.00,-241.06,5.81,1.00,5.81,1453390.50,250000.00,1452801.50,58135.62,10000.00,58112.09,30,30,30,
-2.41,1.00,-2.41,-1205.57,500.00,-1205.32,-241.11,100.00,-241.06,5.81,1.00,5.81,1453390.50,250000.00,1452801.50,58135.62,10000.00,58112.09,30,30,30,
-2.41,1.00,-2.41,-1205.57,500.00,-1205.32,-241.11,100.00,-241.06,5.81,1.00,5.81,1453390.50,250000.00,1452801.50,58135.62,10000.00,58112.09,30,30,30,
-2.41,1.00,-2.41,-1205.57,500.00,-1205.32,-241.11,100.00,-241.06,5.81,1.00,5.81,1453390.50,250000.00,1452801.50,58135.62,10000.00,58112.09,30,30,30,
-2.41,1.00,-2.41,-1205.57,500.00,-1205.32,-241.11,100.00,-241.06,5.81,1.00,5.81,1453390.50,250000.00,1452801.50,58135.62,10000.00,58112.09,30,30,30,
-2.41,1.00,-2.41,-1205.57,500.00,-1205.32,-241.11,100.00,-241.06,5.81,1.00,5.81,1453390.50,250000.00,1452801.50,58135.62,10000.00,58112.09,30,30,30,
-2.41,1.00,-2.41,-1205.57,500.00,-1205.32,-241.11,100.00,-241.06,5.81,1.00,5.81,1453390.50,250000.00,1452801.50,58135.62,10000.00,58112.09,30,30,30,
-2.41,1.00,-2.41,-1205.57,500.00,-1205.32,-241.11,100.00,-241.06,5.81,1.00,5.81,1453390.50,250000.00,1452801.50,58135.62,10000.00,58112.09,30,30,30,
-2.41,1.00,-2.41,-1205.57,500.00,-1205.32,-241.11,100.00,-241.06,5.81,1.00,5.81,1453390.50,250000.00,1452801.50,58135.62,10000.00,58112.09,30,30,30,
-2.41,1.00,-2.41,-1205.57,500.00,-1205.32,-241.11,100.00,-241.06,5.81,1.00,5.81,1453390.50,250000.00,1452801.50,58135.62,10000.00,58112.09,30,30,30,
-2.41,1.00,-2.41,-1205.57,500.00,-1205.32,-241.11,100.00,-241.06,5.81,1.00,5.81,1453390.50,250000.00,1452801.50,58135.62,10000.00,58112.09,30,30,30,
-2.41,1.00,-2.41,-1205.57,500.00,-1205.32,-241.11,100.00,-241.06,5.81,1.00,5.81,1453390.50,250000.00,1452801.50,58135.62,10000.00,58112.09,30,30,30,
-2.41,1.00,-2.41,-1205.57,500.00,-1205.32,-241.11,100.00,-241.06,5.81,1.00,5.81,1453390.50,250000.00,1452801.50,58135.62,10000.00,58112.09,30,30,30,
-2.41,1.00,-2.41,-1205.57,500.00,-1205.32,-241.11,100.00,-241.06,5.81,1.00,5.81,1453390.50,250000.00,1452801.50,58135.62,10000.00,58112.09,30,30,30,
